{
 "cells": [
  {
   "cell_type": "code",
   "execution_count": 38,
   "metadata": {},
   "outputs": [],
   "source": [
    "import os\n",
    "import azureml\n",
    "from azureml.core import Workspace"
   ]
  },
  {
   "cell_type": "markdown",
   "metadata": {},
   "source": [
    "## Initialize your workspace"
   ]
  },
  {
   "cell_type": "code",
   "execution_count": 39,
   "metadata": {},
   "outputs": [
    {
     "name": "stdout",
     "output_type": "stream",
     "text": [
      "Workspace name: founder-classifier-ws\n",
      "Azure region: westeurope\n",
      "Subscription id: d6fe10c9-748a-4f52-a69d-6b84eedaafa0\n",
      "Resource group: founder-classifier-rg\n"
     ]
    }
   ],
   "source": [
    "ws = Workspace.from_config()\n",
    "print('Workspace name: ' + ws.name, \n",
    "      'Azure region: ' + ws.location, \n",
    "      'Subscription id: ' + ws.subscription_id, \n",
    "      'Resource group: ' + ws.resource_group, sep='\\n')"
   ]
  },
  {
   "cell_type": "markdown",
   "metadata": {},
   "source": [
    "## Create an experiment"
   ]
  },
  {
   "cell_type": "code",
   "execution_count": 4,
   "metadata": {},
   "outputs": [],
   "source": [
    "from azureml.core import Experiment\n",
    "\n",
    "exp = Experiment(workspace=ws, name='founder-classifier')"
   ]
  },
  {
   "cell_type": "markdown",
   "metadata": {},
   "source": [
    "## Upload your data on Azure Blob storage"
   ]
  },
  {
   "cell_type": "code",
   "execution_count": 52,
   "metadata": {},
   "outputs": [
    {
     "name": "stdout",
     "output_type": "stream",
     "text": [
      "AzureBlob founderclassif1934926449 azureml-blobstore-fffccfe4-c5c5-4d39-b5c8-ee0950c51ef5\n",
      "Uploading an estimated of 2 files\n",
      "Uploading ./data\\test.json\n",
      "Uploading ./data\\train.json\n",
      "Uploaded ./data\\test.json, 1 files out of an estimated total of 2\n",
      "Uploaded ./data\\train.json, 2 files out of an estimated total of 2\n",
      "Uploaded 2 files\n"
     ]
    },
    {
     "data": {
      "text/plain": [
       "$AZUREML_DATAREFERENCE_a9bdc814843246049810efd7147be814"
      ]
     },
     "execution_count": 52,
     "metadata": {},
     "output_type": "execute_result"
    }
   ],
   "source": [
    "ds = ws.get_default_datastore()\n",
    "print(ds.datastore_type, ds.account_name, ds.container_name)\n",
    "\n",
    "ds.upload(src_dir='./data', target_path='founder-classifier', overwrite=True, show_progress=True)"
   ]
  },
  {
   "cell_type": "markdown",
   "metadata": {},
   "source": [
    "## Create a compute target or attach an existing one"
   ]
  },
  {
   "cell_type": "markdown",
   "metadata": {},
   "source": [
    "- list of VMs for Azure and prices: \n",
    "  https://azure.microsoft.com/en-us/pricing/details/virtual-machines/linux/\n",
    "- list of VMs for Sagemaker:\n",
    "  https://aws.amazon.com/fr/sagemaker/pricing/instance-types/\n",
    "- Sagemaker prices:\n",
    "  https://aws.amazon.com/fr/sagemaker/pricing/"
   ]
  },
  {
   "cell_type": "code",
   "execution_count": 5,
   "metadata": {},
   "outputs": [
    {
     "name": "stdout",
     "output_type": "stream",
     "text": [
      "Found existing compute target\n",
      "{'currentNodeCount': 1, 'targetNodeCount': 1, 'nodeStateCounts': {'preparingNodeCount': 0, 'runningNodeCount': 1, 'idleNodeCount': 0, 'unusableNodeCount': 0, 'leavingNodeCount': 0, 'preemptedNodeCount': 0}, 'allocationState': 'Steady', 'allocationStateTransitionTime': '2019-10-05T16:24:38.414000+00:00', 'errors': None, 'creationTime': '2019-10-05T14:04:49.845672+00:00', 'modifiedTime': '2019-10-05T14:05:49.908341+00:00', 'provisioningState': 'Succeeded', 'provisioningStateTransitionTime': None, 'scaleSettings': {'minNodeCount': 0, 'maxNodeCount': 4, 'nodeIdleTimeBeforeScaleDown': 'PT120S'}, 'vmPriority': 'Dedicated', 'vmSize': 'STANDARD_NC6'}\n"
     ]
    }
   ],
   "source": [
    "from azureml.core.compute import ComputeTarget, AmlCompute\n",
    "from azureml.core.compute_target import ComputeTargetException\n",
    "\n",
    "# choose a name for your cluster\n",
    "cluster_name = \"gpu-cluster\"\n",
    "\n",
    "try:\n",
    "    compute_target = ComputeTarget(workspace=ws, name=cluster_name)\n",
    "    print('Found existing compute target')\n",
    "except ComputeTargetException:\n",
    "    print('Creating a new compute target...')\n",
    "    compute_config = AmlCompute.provisioning_configuration(vm_size='STANDARD_NC6', \n",
    "                                                           max_nodes=4)\n",
    "\n",
    "    # create the cluster\n",
    "    compute_target = ComputeTarget.create(ws, cluster_name, compute_config)\n",
    "\n",
    "    # can poll for a minimum number of nodes and for a specific timeout. \n",
    "    # if no min node count is provided it uses the scale settings for the cluster\n",
    "    compute_target.wait_for_completion(show_output=True, min_node_count=None, timeout_in_minutes=20)\n",
    "\n",
    "# use get_status() to get a detailed status for the current cluster. \n",
    "print(compute_target.get_status().serialize())"
   ]
  },
  {
   "cell_type": "code",
   "execution_count": 6,
   "metadata": {},
   "outputs": [
    {
     "name": "stdout",
     "output_type": "stream",
     "text": [
      "gpu-cluster AmlCompute Succeeded\n"
     ]
    }
   ],
   "source": [
    "compute_targets = ws.compute_targets\n",
    "for name, ct in compute_targets.items():\n",
    "    print(name, ct.type, ct.provisioning_state)"
   ]
  },
  {
   "cell_type": "code",
   "execution_count": 29,
   "metadata": {},
   "outputs": [
    {
     "data": {
      "text/plain": [
       "'./script\\\\azure_entry_point.py'"
      ]
     },
     "execution_count": 29,
     "metadata": {},
     "output_type": "execute_result"
    }
   ],
   "source": [
    "import shutil\n",
    "\n",
    "script_folder = './script'\n",
    "os.makedirs(script_folder, exist_ok=True)\n",
    "\n",
    "# copy the entry point script in a separate folder. This is what will be sent to the remote VM\n",
    "shutil.copy('./azure_entry_point.py', script_folder)"
   ]
  },
  {
   "cell_type": "markdown",
   "metadata": {},
   "source": [
    "## Create the estimator"
   ]
  },
  {
   "cell_type": "code",
   "execution_count": 30,
   "metadata": {},
   "outputs": [
    {
     "name": "stderr",
     "output_type": "stream",
     "text": [
      "WARNING - framework_version is not specified, defaulting to version 1.13.\n"
     ]
    }
   ],
   "source": [
    "from azureml.train.dnn import TensorFlow\n",
    "\n",
    "datastore = ws.get_default_datastore()\n",
    "\n",
    "script_params = {\n",
    "    '--data-folder': datastore.as_mount(),\n",
    "    '--batch-size': 32,\n",
    "    '--learning-rate': 0.001,\n",
    "    '--prefix': 'founder-classifier',\n",
    "    '--steps': 1000\n",
    "}\n",
    "\n",
    "estimator = TensorFlow(source_directory=script_folder,\n",
    "                 script_params=script_params,\n",
    "                 compute_target=compute_target, \n",
    "                 entry_script='azure_entry_point.py',\n",
    "                 pip_packages=None)"
   ]
  },
  {
   "cell_type": "markdown",
   "metadata": {},
   "source": [
    "## Submit the estimator for training"
   ]
  },
  {
   "cell_type": "code",
   "execution_count": 31,
   "metadata": {},
   "outputs": [],
   "source": [
    "run = exp.submit(estimator)"
   ]
  },
  {
   "cell_type": "code",
   "execution_count": 32,
   "metadata": {},
   "outputs": [
    {
     "data": {
      "application/vnd.jupyter.widget-view+json": {
       "model_id": "8d8000d83955476f90e28717cc3b7dd3",
       "version_major": 2,
       "version_minor": 0
      },
      "text/plain": [
       "_UserRunWidget(widget_settings={'childWidgetDisplay': 'popup', 'send_telemetry': False, 'log_level': 'INFO', '…"
      ]
     },
     "metadata": {},
     "output_type": "display_data"
    }
   ],
   "source": [
    "from azureml.widgets import RunDetails\n",
    "RunDetails(run).show()"
   ]
  },
  {
   "cell_type": "code",
   "execution_count": 33,
   "metadata": {},
   "outputs": [
    {
     "data": {
      "text/html": [
       "<table style=\"width:100%\"><tr><th>Experiment</th><th>Id</th><th>Type</th><th>Status</th><th>Details Page</th><th>Docs Page</th></tr><tr><td>founder-classifier</td><td>founder-classifier_1570442061_c2a2e5ac</td><td>azureml.scriptrun</td><td>Starting</td><td><a href=\"https://mlworkspace.azure.ai/portal/subscriptions/d6fe10c9-748a-4f52-a69d-6b84eedaafa0/resourceGroups/founder-classifier-rg/providers/Microsoft.MachineLearningServices/workspaces/founder-classifier-ws/experiments/founder-classifier/runs/founder-classifier_1570442061_c2a2e5ac\" target=\"_blank\" rel=\"noopener\">Link to Azure Portal</a></td><td><a href=\"https://docs.microsoft.com/en-us/python/api/azureml-core/azureml.core.script_run.ScriptRun?view=azure-ml-py\" target=\"_blank\" rel=\"noopener\">Link to Documentation</a></td></tr></table>"
      ],
      "text/plain": [
       "Run(Experiment: founder-classifier,\n",
       "Id: founder-classifier_1570442061_c2a2e5ac,\n",
       "Type: azureml.scriptrun,\n",
       "Status: Starting)"
      ]
     },
     "execution_count": 33,
     "metadata": {},
     "output_type": "execute_result"
    }
   ],
   "source": [
    "run"
   ]
  },
  {
   "cell_type": "code",
   "execution_count": 34,
   "metadata": {
    "collapsed": true
   },
   "outputs": [
    {
     "name": "stdout",
     "output_type": "stream",
     "text": [
      "RunId: founder-classifier_1570442061_c2a2e5ac\n",
      "Web View: https://mlworkspace.azure.ai/portal/subscriptions/d6fe10c9-748a-4f52-a69d-6b84eedaafa0/resourceGroups/founder-classifier-rg/providers/Microsoft.MachineLearningServices/workspaces/founder-classifier-ws/experiments/founder-classifier/runs/founder-classifier_1570442061_c2a2e5ac\n",
      "\n",
      "Streaming azureml-logs/55_azureml-execution-tvmps_6a8e3ac27d21ec662b0211b9d45af4a2217d4beada5560c178855c88c57527f4_d.txt\n",
      "========================================================================================================================\n",
      "\n",
      "2019-10-07T09:58:33Z Successfully mounted a/an Azure File Shares at /mnt/batch/tasks/shared/LS_root/jobs/founder-classifier-ws/azureml/founder-classifier_1570442061_c2a2e5ac/mounts/workspacefilestore\n",
      "2019-10-07T09:58:33Z Mounted //founderclassif1934926449.file.core.windows.net/azureml-filestore-fffccfe4-c5c5-4d39-b5c8-ee0950c51ef5 at /mnt/batch/tasks/shared/LS_root/jobs/founder-classifier-ws/azureml/founder-classifier_1570442061_c2a2e5ac/mounts/workspacefilestore\n",
      "2019-10-07T09:58:33Z Mounting blob file systems\n",
      "2019-10-07T09:58:33Z Mounting azureml-blobstore-fffccfe4-c5c5-4d39-b5c8-ee0950c51ef5 container from founderclassif1934926449 account at /mnt/batch/tasks/shared/LS_root/jobs/founder-classifier-ws/azureml/founder-classifier_1570442061_c2a2e5ac/mounts/workspaceblobstore\n",
      "2019-10-07T09:58:34Z Successfully mounted a/an Blobfuse File System at /mnt/batch/tasks/shared/LS_root/jobs/founder-classifier-ws/azureml/founder-classifier_1570442061_c2a2e5ac/mounts/workspaceblobstore\n",
      "2019-10-07T09:58:34Z Waiting for blobfs to be mounted at /mnt/batch/tasks/shared/LS_root/jobs/founder-classifier-ws/azureml/founder-classifier_1570442061_c2a2e5ac/mounts/workspaceblobstore\n",
      "2019-10-07T09:58:34Z Successfully mounted azureml-blobstore-fffccfe4-c5c5-4d39-b5c8-ee0950c51ef5 container from founderclassif1934926449 account at /mnt/batch/tasks/shared/LS_root/jobs/founder-classifier-ws/azureml/founder-classifier_1570442061_c2a2e5ac/mounts/workspaceblobstore\n",
      "2019-10-07T09:58:34Z No unmanaged file systems configured\n",
      "2019-10-07T09:58:34Z Starting output-watcher...\n",
      "Login Succeeded\n",
      "1.13-cpu: Pulling from tensorflow\n",
      "16c48d79e9cc: Pulling fs layer\n",
      "3c654ad3ed7d: Pulling fs layer\n",
      "6276f4f9c29d: Pulling fs layer\n",
      "a4bd43ad48ce: Pulling fs layer\n",
      "e8d5220518a8: Pulling fs layer\n",
      "b89bc95dc4e6: Pulling fs layer\n",
      "874f36ef0b3a: Pulling fs layer\n",
      "20592f072a44: Pulling fs layer\n",
      "d5a9f64d93c8: Pulling fs layer\n",
      "bf16c69a1526: Pulling fs layer\n",
      "b47bfd667bdb: Pulling fs layer\n",
      "6a140fc11307: Pulling fs layer\n",
      "a4bd43ad48ce: Waiting\n",
      "e8d5220518a8: Waiting\n",
      "b89bc95dc4e6: Waiting\n",
      "874f36ef0b3a: Waiting\n",
      "20592f072a44: Waiting\n",
      "b47bfd667bdb: Waiting\n",
      "bf16c69a1526: Waiting\n",
      "6a140fc11307: Waiting\n",
      "6276f4f9c29d: Verifying Checksum\n",
      "6276f4f9c29d: Download complete\n",
      "3c654ad3ed7d: Download complete\n",
      "a4bd43ad48ce: Download complete\n",
      "16c48d79e9cc: Download complete\n",
      "b89bc95dc4e6: Verifying Checksum\n",
      "b89bc95dc4e6: Download complete\n",
      "874f36ef0b3a: Verifying Checksum\n",
      "874f36ef0b3a: Download complete\n",
      "e8d5220518a8: Verifying Checksum\n",
      "e8d5220518a8: Download complete\n",
      "20592f072a44: Verifying Checksum\n",
      "20592f072a44: Download complete\n",
      "bf16c69a1526: Verifying Checksum\n",
      "bf16c69a1526: Download complete\n",
      "b47bfd667bdb: Download complete\n",
      "d5a9f64d93c8: Verifying Checksum\n",
      "d5a9f64d93c8: Download complete\n",
      "16c48d79e9cc: Pull complete\n",
      "3c654ad3ed7d: Pull complete\n",
      "6276f4f9c29d: Pull complete\n",
      "a4bd43ad48ce: Pull complete\n",
      "6a140fc11307: Verifying Checksum\n",
      "6a140fc11307: Download complete\n",
      "e8d5220518a8: Pull complete\n",
      "b89bc95dc4e6: Pull complete\n",
      "874f36ef0b3a: Pull complete\n",
      "20592f072a44: Pull complete\n",
      "d5a9f64d93c8: Pull complete\n",
      "bf16c69a1526: Pull complete\n",
      "b47bfd667bdb: Pull complete\n",
      "6a140fc11307: Pull complete\n",
      "Digest: sha256:a8598363b592586620449828598516d04540238b8bc50b7aac2a01cf3f9c7585\n",
      "Status: Downloaded newer image for viennaprivate.azurecr.io/tensorflow:1.13-cpu\n",
      "5bfe27c8fb86d496fb4f3f08fac659928f7d64bbed4097b5bd04a99ddfe043ed\n",
      "\n",
      "Streaming azureml-logs/65_job_prep-tvmps_6a8e3ac27d21ec662b0211b9d45af4a2217d4beada5560c178855c88c57527f4_d.txt\n",
      "===============================================================================================================\n",
      "\n",
      "Starting job preparation. Current time:2019-10-07T09:59:16.688294\n",
      "Extracting the control code.\n",
      "Creating directory: azureml-logs/\n",
      "\n",
      "Streaming azureml-logs/70_driver_log.txt\n",
      "========================================\n",
      "\n",
      "Starting the daemon thread to refresh tokens in background for process with pid = 141\n",
      "Entering Run History Context Manager.\n",
      "/opt/miniconda/lib/python3.6/site-packages/tensorflow/python/framework/dtypes.py:526: FutureWarning: Passing (type, 1) or '1type' as a synonym of type is deprecated; in a future version of numpy, it will be understood as (type, (1,)) / '(1,)type'.\n",
      "  _np_qint8 = np.dtype([(\"qint8\", np.int8, 1)])\n",
      "/opt/miniconda/lib/python3.6/site-packages/tensorflow/python/framework/dtypes.py:527: FutureWarning: Passing (type, 1) or '1type' as a synonym of type is deprecated; in a future version of numpy, it will be understood as (type, (1,)) / '(1,)type'.\n",
      "  _np_quint8 = np.dtype([(\"quint8\", np.uint8, 1)])\n",
      "/opt/miniconda/lib/python3.6/site-packages/tensorflow/python/framework/dtypes.py:528: FutureWarning: Passing (type, 1) or '1type' as a synonym of type is deprecated; in a future version of numpy, it will be understood as (type, (1,)) / '(1,)type'.\n",
      "  _np_qint16 = np.dtype([(\"qint16\", np.int16, 1)])\n",
      "/opt/miniconda/lib/python3.6/site-packages/tensorflow/python/framework/dtypes.py:529: FutureWarning: Passing (type, 1) or '1type' as a synonym of type is deprecated; in a future version of numpy, it will be understood as (type, (1,)) / '(1,)type'.\n",
      "  _np_quint16 = np.dtype([(\"quint16\", np.uint16, 1)])\n",
      "/opt/miniconda/lib/python3.6/site-packages/tensorflow/python/framework/dtypes.py:530: FutureWarning: Passing (type, 1) or '1type' as a synonym of type is deprecated; in a future version of numpy, it will be understood as (type, (1,)) / '(1,)type'.\n",
      "  _np_qint32 = np.dtype([(\"qint32\", np.int32, 1)])\n",
      "/opt/miniconda/lib/python3.6/site-packages/tensorflow/python/framework/dtypes.py:535: FutureWarning: Passing (type, 1) or '1type' as a synonym of type is deprecated; in a future version of numpy, it will be understood as (type, (1,)) / '(1,)type'.\n",
      "  np_resource = np.dtype([(\"resource\", np.ubyte, 1)])\n",
      "training dataset is stored here: /mnt/batch/tasks/shared/LS_root/jobs/founder-classifier-ws/azureml/founder-classifier_1570442061_c2a2e5ac/mounts/workspaceblobstore\n",
      "INFO:tensorflow:Using default config.\n",
      "INFO:tensorflow:Using config: {'_model_dir': '/mnt/batch/tasks/shared/LS_root/jobs/founder-classifier-ws/azureml/founder-classifier_1570442061_c2a2e5ac/mounts/workspaceblobstore/founder-classifier/./outputs/model', '_tf_random_seed': None, '_save_summary_steps': 100, '_save_checkpoints_steps': None, '_save_checkpoints_secs': 600, '_session_config': allow_soft_placement: true\n",
      "graph_options {\n",
      "  rewrite_options {\n",
      "    meta_optimizer_iterations: ONE\n",
      "  }\n",
      "}\n",
      ", '_keep_checkpoint_max': 5, '_keep_checkpoint_every_n_hours': 10000, '_log_step_count_steps': 100, '_train_distribute': None, '_device_fn': None, '_protocol': None, '_eval_distribute': None, '_experimental_distribute': None, '_service': None, '_cluster_spec': <tensorflow.python.training.server_lib.ClusterSpec object at 0x7f82c60159b0>, '_task_type': 'worker', '_task_id': 0, '_global_id_in_cluster': 0, '_master': '', '_evaluation_master': '', '_is_chief': True, '_num_ps_replicas': 0, '_num_worker_replicas': 1}\n",
      "X_train has shape : (1280, 28, 28)\n",
      "WARNING:tensorflow:From /opt/miniconda/lib/python3.6/site-packages/tensorflow/python/framework/op_def_library.py:263: colocate_with (from tensorflow.python.framework.ops) is deprecated and will be removed in a future version.\n",
      "Instructions for updating:\n",
      "Colocations handled automatically by placer.\n",
      "WARNING:tensorflow:From /opt/miniconda/lib/python3.6/site-packages/tensorflow_estimator/python/estimator/inputs/queues/feeding_queue_runner.py:62: QueueRunner.__init__ (from tensorflow.python.training.queue_runner_impl) is deprecated and will be removed in a future version.\n",
      "Instructions for updating:\n",
      "To construct input pipelines, use the `tf.data` module.\n",
      "WARNING:tensorflow:From /opt/miniconda/lib/python3.6/site-packages/tensorflow_estimator/python/estimator/inputs/queues/feeding_functions.py:500: add_queue_runner (from tensorflow.python.training.queue_runner_impl) is deprecated and will be removed in a future version.\n",
      "Instructions for updating:\n",
      "To construct input pipelines, use the `tf.data` module.\n",
      "INFO:tensorflow:Calling model_fn.\n",
      "learning rate is : 0.001\n",
      "reshaped input\n",
      "WARNING:tensorflow:From azure_entry_point.py:31: conv2d (from tensorflow.python.layers.convolutional) is deprecated and will be removed in a future version.\n",
      "Instructions for updating:\n",
      "Use keras.layers.conv2d instead.\n",
      "log 1 ok\n",
      "WARNING:tensorflow:From azure_entry_point.py:36: max_pooling2d (from tensorflow.python.layers.pooling) is deprecated and will be removed in a future version.\n",
      "Instructions for updating:\n",
      "Use keras.layers.max_pooling2d instead.\n",
      "WARNING:tensorflow:From azure_entry_point.py:49: flatten (from tensorflow.python.layers.core) is deprecated and will be removed in a future version.\n",
      "Instructions for updating:\n",
      "Use keras.layers.flatten instead.\n",
      "log 2 ok\n",
      "WARNING:tensorflow:From azure_entry_point.py:53: dense (from tensorflow.python.layers.core) is deprecated and will be removed in a future version.\n",
      "Instructions for updating:\n",
      "Use keras.layers.dense instead.\n",
      "WARNING:tensorflow:From azure_entry_point.py:55: dropout (from tensorflow.python.layers.core) is deprecated and will be removed in a future version.\n",
      "Instructions for updating:\n",
      "Use keras.layers.dropout instead.\n",
      "WARNING:tensorflow:From /opt/miniconda/lib/python3.6/site-packages/tensorflow/python/keras/layers/core.py:143: calling dropout (from tensorflow.python.ops.nn_ops) with keep_prob is deprecated and will be removed in a future version.\n",
      "Instructions for updating:\n",
      "Please use `rate` instead of `keep_prob`. Rate should be set to `rate = 1 - keep_prob`.\n",
      "log 3 ok\n",
      "log 4 ok\n",
      "WARNING:tensorflow:From /opt/miniconda/lib/python3.6/site-packages/tensorflow/python/ops/losses/losses_impl.py:209: to_float (from tensorflow.python.ops.math_ops) is deprecated and will be removed in a future version.\n",
      "Instructions for updating:\n",
      "Use tf.cast instead.\n",
      "loss is fine\n",
      "INFO:tensorflow:Done calling model_fn.\n",
      "INFO:tensorflow:Create CheckpointSaverHook.\n",
      "INFO:tensorflow:Graph was finalized.\n",
      "2019-10-07 09:59:26.410026: I tensorflow/core/platform/cpu_feature_guard.cc:141] Your CPU supports instructions that this TensorFlow binary was not compiled to use: AVX2 FMA\n",
      "2019-10-07 09:59:26.415134: I tensorflow/core/platform/profile_utils/cpu_utils.cc:94] CPU Frequency: 2596995000 Hz\n",
      "2019-10-07 09:59:26.415509: I tensorflow/compiler/xla/service/service.cc:150] XLA service 0x55ad149d7f70 executing computations on platform Host. Devices:\n",
      "2019-10-07 09:59:26.415532: I tensorflow/compiler/xla/service/service.cc:158]   StreamExecutor device (0): <undefined>, <undefined>\n",
      "INFO:tensorflow:Running local_init_op.\n",
      "INFO:tensorflow:Done running local_init_op.\n",
      "WARNING:tensorflow:From /opt/miniconda/lib/python3.6/site-packages/tensorflow/python/training/monitored_session.py:809: start_queue_runners (from tensorflow.python.training.queue_runner_impl) is deprecated and will be removed in a future version.\n",
      "Instructions for updating:\n",
      "To construct input pipelines, use the `tf.data` module.\n"
     ]
    },
    {
     "name": "stdout",
     "output_type": "stream",
     "text": [
      "INFO:tensorflow:Saving checkpoints for 0 into /mnt/batch/tasks/shared/LS_root/jobs/founder-classifier-ws/azureml/founder-classifier_1570442061_c2a2e5ac/mounts/workspaceblobstore/founder-classifier/./outputs/model/model.ckpt.\n",
      "INFO:tensorflow:probabilities = [[0.99999978 0.         0.00000022]\n",
      " [0.999986   0.000014   0.        ]\n",
      " [0.99999901 0.         0.00000099]\n",
      " [0.         0.         1.        ]\n",
      " [1.         0.         0.        ]\n",
      " [0.98362331 0.0163714  0.00000529]\n",
      " [0.99999998 0.00000002 0.        ]\n",
      " [1.         0.         0.        ]\n",
      " [0.6079236  0.         0.3920764 ]\n",
      " [0.99999999 0.         0.00000001]\n",
      " [0.99999714 0.         0.00000286]\n",
      " [1.         0.         0.        ]\n",
      " [0.66990066 0.32891574 0.0011836 ]\n",
      " [0.9999979  0.         0.0000021 ]\n",
      " [1.         0.         0.        ]\n",
      " [0.99999996 0.         0.00000004]\n",
      " [1.         0.         0.        ]\n",
      " [0.99999998 0.00000002 0.        ]\n",
      " [0.00000111 0.         0.99999889]\n",
      " [0.00007294 0.00000343 0.99992362]\n",
      " [0.         1.         0.        ]\n",
      " [1.         0.         0.        ]\n",
      " [1.         0.         0.        ]\n",
      " [1.         0.         0.        ]\n",
      " [0.99369879 0.00630121 0.        ]\n",
      " [0.16100219 0.83899642 0.00000138]\n",
      " [1.         0.         0.        ]\n",
      " [1.         0.         0.        ]\n",
      " [0.         0.49463153 0.50536847]\n",
      " [1.         0.         0.        ]\n",
      " [0.99998496 0.         0.00001504]\n",
      " [1.         0.         0.        ]]\n",
      "INFO:tensorflow:loss = 21.324716567993164, step = 1\n",
      "INFO:tensorflow:probabilities = [[0.66062714 0.05586062 0.28351224]\n",
      " [0.27629808 0.00534596 0.71835596]\n",
      " [0.15267156 0.06956258 0.77776587]\n",
      " [0.24046447 0.00635789 0.75317765]\n",
      " [0.2085925  0.0000845  0.791323  ]\n",
      " [0.39493954 0.09340774 0.51165272]\n",
      " [0.02570116 0.00008971 0.97420913]\n",
      " [0.55693957 0.0038247  0.43923573]\n",
      " [0.70562455 0.0958986  0.19847686]\n",
      " [0.70278324 0.10373756 0.1934792 ]\n",
      " [0.15927027 0.1142605  0.72646923]\n",
      " [0.49586746 0.01176153 0.49237101]\n",
      " [0.73051461 0.15227694 0.11720845]\n",
      " [0.06652096 0.91269369 0.02078535]\n",
      " [0.22475531 0.00732712 0.76791757]\n",
      " [0.17314042 0.64786089 0.17899869]\n",
      " [0.17582052 0.65979694 0.16438254]\n",
      " [0.24418965 0.62591675 0.12989359]\n",
      " [0.33617076 0.00370506 0.66012418]\n",
      " [0.14495046 0.60312291 0.25192663]\n",
      " [0.32597385 0.48286399 0.19116217]\n",
      " [0.26415087 0.01900858 0.71684055]\n",
      " [0.18614347 0.66894807 0.14490846]\n",
      " [0.42300887 0.38608952 0.19090161]\n",
      " [0.30290204 0.52825812 0.16883984]\n",
      " [0.00000005 0.99999953 0.00000041]\n",
      " [0.4408755  0.1631756  0.3959489 ]\n",
      " [0.21092968 0.57623688 0.21283344]\n",
      " [0.44741978 0.3333957  0.21918451]\n",
      " [0.13260084 0.77074392 0.09665525]\n",
      " [0.55088395 0.08886668 0.36024936]\n",
      " [0.03902714 0.90724574 0.05372712]] (2.809 sec)\n",
      "INFO:tensorflow:global_step/sec: 18.2709\n",
      "INFO:tensorflow:probabilities = [[0.49012744 0.35096032 0.15891223]\n",
      " [0.31958672 0.01740912 0.66300416]\n",
      " [0.0912729  0.02155065 0.88717644]\n",
      " [0.17340114 0.04145989 0.78513897]\n",
      " [0.30010539 0.46723183 0.23266277]\n",
      " [0.00600137 0.97880569 0.01519294]\n",
      " [0.24703053 0.49164751 0.26132196]\n",
      " [0.84857516 0.03182706 0.11959778]\n",
      " [0.14338103 0.36437994 0.49223903]\n",
      " [0.00962314 0.96190001 0.02847685]\n",
      " [0.40268172 0.29968236 0.29763592]\n",
      " [0.71252659 0.00186886 0.28560455]\n",
      " [0.49208123 0.28021247 0.2277063 ]\n",
      " [0.00000001 0.99999328 0.00000671]\n",
      " [0.2400229  0.42736031 0.3326168 ]\n",
      " [0.03549285 0.00022443 0.96428273]\n",
      " [0.67993374 0.03860059 0.28146566]\n",
      " [0.00172289 0.97477991 0.02349721]\n",
      " [0.76300109 0.04007029 0.19692862]\n",
      " [0.23375159 0.56557794 0.20067048]\n",
      " [0.57991876 0.07227437 0.34780687]\n",
      " [0.12528553 0.45257166 0.42214281]\n",
      " [0.51967152 0.00347169 0.47685679]\n",
      " [0.12014117 0.5691902  0.31066863]\n",
      " [0.94562286 0.00811365 0.04626349]\n",
      " [0.08162063 0.00081101 0.91756837]\n",
      " [0.22404172 0.54625611 0.22970217]\n",
      " [0.23353393 0.26218702 0.50427906]\n",
      " [0.38773824 0.42452374 0.18773803]\n",
      " [0.30045131 0.46777132 0.23177738]\n",
      " [0.10007939 0.00028513 0.89963549]\n",
      " [0.00283653 0.00001071 0.99715276]] (2.664 sec)\n",
      "INFO:tensorflow:loss = 0.7537177801132202, step = 101 (5.473 sec)\n",
      "INFO:tensorflow:probabilities = [[0.84232024 0.02793411 0.12974565]\n",
      " [0.0688057  0.76692896 0.16426534]\n",
      " [0.00000002 0.99997435 0.00002563]\n",
      " [0.05997119 0.00450945 0.93551935]\n",
      " [0.21888336 0.58559697 0.19551967]\n",
      " [0.05593031 0.82228031 0.12178937]\n",
      " [0.91433284 0.00268944 0.08297772]\n",
      " [0.01382574 0.01732016 0.9688541 ]\n",
      " [0.88201469 0.00294106 0.11504424]\n",
      " [0.20840436 0.78362048 0.00797515]\n",
      " [0.12128165 0.72148678 0.15723157]\n",
      " [0.2782254  0.00480231 0.71697229]\n",
      " [0.69974531 0.00364659 0.29660809]\n",
      " [0.97983304 0.00197137 0.01819558]\n",
      " [0.993269   0.0009431  0.0057879 ]\n",
      " [0.55578759 0.00293922 0.44127319]\n",
      " [0.01469615 0.9168823  0.06842154]\n",
      " [0.02328523 0.55714191 0.41957287]\n",
      " [0.76601489 0.02889863 0.20508648]\n",
      " [0.74526719 0.01383067 0.24090214]\n",
      " [0.13815725 0.5988891  0.26295364]\n",
      " [0.09392764 0.00141907 0.90465329]\n",
      " [0.27044748 0.09197545 0.63757708]\n",
      " [0.0067067  0.98224065 0.01105265]\n",
      " [0.27350239 0.04463808 0.68185953]\n",
      " [0.00872542 0.00001297 0.99126161]\n",
      " [0.98770284 0.00076896 0.0115282 ]\n",
      " [0.87379005 0.02185738 0.10435257]\n",
      " [0.69995248 0.13879959 0.16124794]\n",
      " [0.40655733 0.00044087 0.5930018 ]\n",
      " [0.6081615  0.13994613 0.25189238]\n",
      " [0.73501083 0.031135   0.23385416]] (2.645 sec)\n",
      "INFO:tensorflow:global_step/sec: 18.9335\n",
      "INFO:tensorflow:probabilities = [[0.01396423 0.00013657 0.9858992 ]\n",
      " [0.06128939 0.77180574 0.16690487]\n",
      " [0.10679737 0.79954516 0.09365747]\n",
      " [0.00545917 0.12910198 0.86543884]\n",
      " [0.9020901  0.00300941 0.09490049]\n",
      " [0.01783574 0.03275314 0.94941112]\n",
      " [0.63376831 0.14155354 0.22467816]\n",
      " [0.00738539 0.00028834 0.99232627]\n",
      " [0.29811743 0.0286624  0.67322016]\n",
      " [0.0684561  0.70168008 0.22986382]\n",
      " [0.1345198  0.03890903 0.82657116]\n",
      " [0.68604505 0.09355491 0.22040004]\n",
      " [0.86746174 0.00023646 0.1323018 ]\n",
      " [0.00034197 0.0000011  0.99965693]\n",
      " [0.02259016 0.91379996 0.06360988]\n",
      " [0.91359387 0.0021179  0.08428823]\n",
      " [0.01185538 0.00003433 0.9881103 ]\n",
      " [0.03768876 0.60703858 0.35527266]\n",
      " [0.09652629 0.00484399 0.89862972]\n",
      " [0.10192961 0.63978469 0.2582857 ]\n",
      " [0.12752454 0.13547136 0.7370041 ]\n",
      " [0.06356618 0.6658144  0.27061941]\n",
      " [0.01468574 0.88360051 0.10171375]\n",
      " [0.00000321 0.00000138 0.99999541]\n",
      " [0.09505397 0.45839608 0.44654996]\n",
      " [0.00840675 0.0000804  0.99151285]\n",
      " [0.08324791 0.81471945 0.10203264]\n",
      " [0.45298448 0.00037935 0.54663618]\n",
      " [0.25093133 0.49933653 0.24973215]\n",
      " [0.11473276 0.03612478 0.84914246]\n",
      " [0.29956795 0.00921183 0.69122021]\n",
      " [0.12412132 0.02040777 0.85547091]] (2.636 sec)\n",
      "INFO:tensorflow:loss = 0.39329981803894043, step = 201 (5.282 sec)\n",
      "INFO:tensorflow:probabilities = [[0.04431798 0.04637985 0.90930217]\n",
      " [0.07699063 0.8605889  0.06242047]\n",
      " [0.42831268 0.0197989  0.55188842]\n",
      " [0.99899446 0.00000649 0.00099905]\n",
      " [0.02492773 0.00524295 0.96982932]\n",
      " [0.37489201 0.04089026 0.58421773]\n",
      " [0.00156649 0.00107465 0.99735886]\n",
      " [0.00015858 0.00299493 0.99684649]\n",
      " [0.00211546 0.00178849 0.99609606]\n",
      " [0.0019785  0.00041196 0.99760954]\n",
      " [0.97064135 0.00699759 0.02236107]\n",
      " [0.10639639 0.78044563 0.11315799]\n",
      " [0.         1.         0.        ]\n",
      " [0.32381431 0.10928288 0.56690281]\n",
      " [0.01333995 0.87238159 0.11427846]\n",
      " [0.03017244 0.00000241 0.96982515]\n",
      " [0.18419616 0.20625005 0.60955379]\n",
      " [0.46582186 0.32895146 0.20522667]\n",
      " [0.03292408 0.94229308 0.02478284]\n",
      " [0.0063124  0.00063177 0.99305584]\n",
      " [0.07570727 0.08752381 0.83676892]\n",
      " [0.01144501 0.00005363 0.98850136]\n",
      " [0.40913264 0.00123122 0.58963614]\n",
      " [0.         1.         0.        ]\n",
      " [0.45627306 0.38634933 0.15737761]\n",
      " [0.12599297 0.00659719 0.86740984]\n",
      " [0.08206602 0.04945421 0.86847977]\n",
      " [0.         1.         0.        ]\n",
      " [0.28011621 0.32951067 0.39037311]\n",
      " [0.00379271 0.94851011 0.04769718]\n",
      " [0.78077996 0.01038149 0.20883854]\n",
      " [0.00086511 0.0000111  0.99912379]] (2.649 sec)\n",
      "INFO:tensorflow:global_step/sec: 18.8156\n",
      "INFO:tensorflow:probabilities = [[0.88548951 0.02243179 0.0920787 ]\n",
      " [0.14691203 0.45386319 0.39922478]\n",
      " [0.99748188 0.00242124 0.00009688]\n",
      " [0.02368129 0.96797733 0.00834138]\n",
      " [0.16729146 0.36430637 0.46840218]\n",
      " [0.87017448 0.03130361 0.09852191]\n",
      " [0.1066976  0.62952781 0.2637746 ]\n",
      " [0.9964117  0.00339392 0.00019438]\n",
      " [0.67532698 0.0482495  0.27642352]\n",
      " [0.50015247 0.29784806 0.20199947]\n",
      " [0.01134942 0.98845548 0.0001951 ]\n",
      " [0.00034306 0.00000656 0.99965038]\n",
      " [0.01550795 0.00298179 0.98151026]\n",
      " [0.00002329 0.99994961 0.00002711]\n",
      " [0.00157201 0.99833945 0.00008854]\n",
      " [0.09514375 0.87475885 0.0300974 ]\n",
      " [0.0011686  0.0002269  0.9986045 ]\n",
      " [0.04669891 0.71625044 0.23705065]\n",
      " [0.00015987 0.00003508 0.99980504]\n",
      " [0.34295919 0.0715861  0.58545471]\n",
      " [0.00830313 0.0055127  0.98618418]\n",
      " [0.97701875 0.00682769 0.01615356]\n",
      " [0.00868279 0.00252896 0.98878825]\n",
      " [0.23684522 0.26448809 0.49866669]\n",
      " [0.05163289 0.00179553 0.94657157]\n",
      " [0.90499389 0.00075187 0.09425424]\n",
      " [0.08266961 0.117995   0.79933539]\n",
      " [0.89265756 0.09978898 0.00755346]\n",
      " [0.00000754 0.00000625 0.9999862 ]\n",
      " [0.36866112 0.37608265 0.25525623]\n",
      " [0.00487453 0.96297868 0.03214679]\n",
      " [0.00341297 0.97432043 0.0222666 ]] (2.666 sec)\n",
      "INFO:tensorflow:loss = 0.38122713565826416, step = 301 (5.315 sec)\n"
     ]
    },
    {
     "name": "stdout",
     "output_type": "stream",
     "text": [
      "INFO:tensorflow:probabilities = [[0.00001352 0.99984157 0.00014491]\n",
      " [0.         1.         0.        ]\n",
      " [0.00039465 0.99871575 0.0008896 ]\n",
      " [0.94943708 0.02449872 0.0260642 ]\n",
      " [0.90308718 0.00297848 0.09393434]\n",
      " [0.00003744 0.00000033 0.99996223]\n",
      " [0.00005808 0.00007837 0.99986355]\n",
      " [0.18532583 0.7957982  0.01887597]\n",
      " [0.6848041  0.1797476  0.1354483 ]\n",
      " [0.0886177  0.55377434 0.35760796]\n",
      " [0.00039562 0.99506701 0.00453737]\n",
      " [0.99398328 0.00266019 0.00335653]\n",
      " [0.17343094 0.52293706 0.30363201]\n",
      " [0.28824388 0.00222445 0.70953167]\n",
      " [0.57769374 0.05427168 0.36803458]\n",
      " [0.16295578 0.59726618 0.23977804]\n",
      " [0.00001864 0.99980915 0.00017221]\n",
      " [0.93083767 0.00041009 0.06875223]\n",
      " [0.03507414 0.00557124 0.95935462]\n",
      " [0.43576858 0.00138159 0.56284984]\n",
      " [0.00000666 0.99999315 0.00000019]\n",
      " [0.02353534 0.00660224 0.96986241]\n",
      " [0.02560882 0.96213882 0.01225236]\n",
      " [0.01586875 0.98335529 0.00077596]\n",
      " [0.93466717 0.00020576 0.06512708]\n",
      " [0.18437823 0.80611635 0.00950542]\n",
      " [0.00665558 0.97855142 0.014793  ]\n",
      " [0.00018111 0.99963345 0.00018543]\n",
      " [0.01348933 0.98636137 0.0001493 ]\n",
      " [0.86330584 0.01418741 0.12250675]\n",
      " [0.00585067 0.99293229 0.00121703]\n",
      " [0.0000919  0.99988401 0.00002408]] (2.679 sec)\n",
      "INFO:tensorflow:global_step/sec: 18.7935\n",
      "INFO:tensorflow:probabilities = [[0.07723286 0.92194542 0.00082172]\n",
      " [0.99973892 0.00026013 0.00000095]\n",
      " [0.02672664 0.00002036 0.97325301]\n",
      " [0.98429622 0.00911362 0.00659016]\n",
      " [0.96191368 0.00383433 0.03425199]\n",
      " [0.99241372 0.00014999 0.00743629]\n",
      " [0.04356031 0.00738054 0.94905915]\n",
      " [0.48382232 0.26635626 0.24982142]\n",
      " [0.2188861  0.64772931 0.13338459]\n",
      " [0.00000603 0.99979132 0.00020265]\n",
      " [0.02142714 0.94835133 0.03022153]\n",
      " [0.0009801  0.00003525 0.99898465]\n",
      " [0.77861057 0.05973368 0.16165574]\n",
      " [0.50926136 0.17923012 0.31150852]\n",
      " [0.50367283 0.00079913 0.49552803]\n",
      " [0.01928842 0.95899826 0.02171332]\n",
      " [0.99194283 0.00224116 0.00581602]\n",
      " [0.99874773 0.00013515 0.00111711]\n",
      " [0.34708576 0.04576414 0.6071501 ]\n",
      " [0.61119151 0.00234219 0.38646631]\n",
      " [0.22545499 0.00901892 0.7655261 ]\n",
      " [0.96730581 0.0118263  0.02086789]\n",
      " [0.01058586 0.00016664 0.9892475 ]\n",
      " [0.         0.99999768 0.00000232]\n",
      " [0.14194204 0.78673819 0.07131978]\n",
      " [0.43795245 0.45438943 0.10765812]\n",
      " [0.33156837 0.65009138 0.01834025]\n",
      " [0.30666675 0.47340345 0.21992981]\n",
      " [0.00291806 0.0000598  0.99702214]\n",
      " [0.23644541 0.08526047 0.67829412]\n",
      " [0.00422157 0.00058604 0.9951924 ]\n",
      " [0.07956906 0.01299515 0.90743579]] (2.642 sec)\n",
      "INFO:tensorflow:loss = 0.3377265930175781, step = 401 (5.321 sec)\n",
      "INFO:tensorflow:probabilities = [[0.0912299  0.90672249 0.00204761]\n",
      " [0.97199026 0.00478406 0.02322568]\n",
      " [0.98578064 0.00079035 0.01342901]\n",
      " [0.48408357 0.370771   0.14514543]\n",
      " [0.1659412  0.03640441 0.79765438]\n",
      " [0.77094606 0.0071932  0.22186074]\n",
      " [0.04530329 0.75445901 0.2002377 ]\n",
      " [0.00179076 0.96177861 0.03643062]\n",
      " [0.98540909 0.00011152 0.01447939]\n",
      " [0.82707452 0.07406011 0.09886537]\n",
      " [0.47334254 0.04470729 0.48195017]\n",
      " [0.58365921 0.09831962 0.31802117]\n",
      " [0.00030966 0.00000497 0.99968537]\n",
      " [0.05048674 0.00005293 0.94946033]\n",
      " [0.02457991 0.03736933 0.93805077]\n",
      " [0.4185837  0.00049938 0.58091693]\n",
      " [0.32829901 0.46498086 0.20672013]\n",
      " [0.         1.         0.        ]\n",
      " [0.96754449 0.00596301 0.0264925 ]\n",
      " [0.00001546 0.99998221 0.00000233]\n",
      " [0.10833361 0.78125969 0.1104067 ]\n",
      " [0.00000314 0.00689088 0.99310598]\n",
      " [0.00172469 0.99796614 0.00030918]\n",
      " [0.15032841 0.79445629 0.0552153 ]\n",
      " [0.006034   0.00077968 0.99318632]\n",
      " [0.98891607 0.00695566 0.00412827]\n",
      " [0.00194937 0.00331728 0.99473335]\n",
      " [0.40713293 0.08813948 0.50472759]\n",
      " [0.07107326 0.70358091 0.22534583]\n",
      " [0.43856798 0.28334926 0.27808276]\n",
      " [0.84897717 0.01469027 0.13633256]\n",
      " [0.05042557 0.08181545 0.86775898]] (2.667 sec)\n",
      "INFO:tensorflow:global_step/sec: 18.7319\n",
      "INFO:tensorflow:probabilities = [[0.0058251  0.99409592 0.00007898]\n",
      " [0.58814133 0.14830931 0.26354936]\n",
      " [0.46935477 0.36940491 0.16124033]\n",
      " [0.84452519 0.02928487 0.12618994]\n",
      " [0.92857107 0.00023919 0.07118974]\n",
      " [0.19065507 0.09039733 0.7189476 ]\n",
      " [0.00074993 0.00082484 0.99842524]\n",
      " [0.00000002 0.99998102 0.00001896]\n",
      " [0.         0.00000161 0.99999839]\n",
      " [0.00005787 0.99987984 0.00006229]\n",
      " [0.1395826  0.72476834 0.13564906]\n",
      " [0.00121795 0.99813029 0.00065176]\n",
      " [0.10357863 0.88234286 0.01407851]\n",
      " [0.00408318 0.00136352 0.9945533 ]\n",
